Timer Status

Start: 2014-01-05 18:34:18 +0800
End: 2014-01-05 19:44:13 +0800
Total: 4157.999887




4924.399817
